在处理之前leaf_vertices_的各个节点的体积gain：一共有94个节点
4118  4235  4334  4632  3793  3821  3895  4445  4597  4316  4699  4699  7788  3688  21852  4306  4652  4858  3728  3594  4509  4642  5242  4122  4515  3981  7489  4017  167367  137094  149193  192490  178810  221484  145472  37772  15449  61439  3233  4335  4059  5173  5326  5247  3923  9447  3866  23150  3844  3732  50760  84499  362869  444643  467029  413197  407686  370889  358115  393296  96645  6219  48239  414485  134900  92669  681294  193809  118869  81563  189863  258019  201939  224864  129393  153115  182158  222505  311951  305726  336887  188079  436562  189485  206772  116239  291303  549884  420393  350116  485485  528149  450823  419010  
在处理之后得到的path路径的各个节点的体积gain,是公式计算前的一共有94个节点：
4118  4235  0  4632  0  0  0  0  9688  0  0  0  0  0  0  0  9743  0  0  0  8269  8402  9002  0  9606  0  0  7777  0  0  0  203392  0  0  0  0  0  0  0  0  0  12693  12846  0  11443  0  0  32621  0  0  0  0  0  0  558906  0  0  462766  0  0  0  17499  0  0  0  0  0  212975  0  0  0  0  0  0  0  0  0  0  0  502437  0  0  0  0  0  0  0  0  0  0  0  0  0  0  
在处理之后得到的path路径的各个节点的体积gain,是公式处理后的一共有94个节点：
4118  4235  0  4632  0  0  0  0  9688  0  0  0  0  0  0  0  9743  0  0  0  8269  8402  9002  0  9606  0  0  7777  0  0  0  203392  0  0  0  0  0  0  0  0  0  12693  12846  0  11443  0  0  32621  0  0  0  0  0  0  558906  0  0  462766  0  0  0  17499  0  0  0  0  0  212975  0  0  0  0  0  0  0  0  0  0  0  502437  0  0  0  0  0  0  0  0  0  0  0  0  0  0  
在处理之前leaf_vertices_的各个节点的体积gain：一共有14个节点
50237  70440  27545  77884  39246  40595  32868  26813  3939  26888  21401  22331  3816  63966  
在处理之后得到的path路径的各个节点的体积gain,是公式计算前的一共有14个节点：
0  0  0  0  0  0  0  0  0  0  0  0  0  0  
在处理之后得到的path路径的各个节点的体积gain,是公式处理后的一共有14个节点：
0  0  0  0  0  0  0  0  0  0  0  0  0  0  
在处理之前leaf_vertices_的各个节点的体积gain：一共有63个节点
5642  8626  20482  4990  7204  93168  93168  127460  53969  53969  34366  3764  4039  3254  3634  9702  4085  3777  3737  3630  47839  50270  3335  3506  19007  33599  267206  217943  204395  202891  3694  22024  95782  41505  33727  93969  3223  3770  3752  4629  5110  5002  4831  4445  4386  4644  4409  4624  3728  92447  132214  4095  4098  4043  4261  133219  4066  4037  3723  4819  4052  3126  3621  
在处理之后得到的path路径的各个节点的体积gain,是公式计算前的一共有63个节点：
0  0  0  0  0  0  0  131608  0  0  0  0  8213  0  0  0  9489  0  0  0  52013  54444  0  0  23181  0  0  0  0  0  12904  0  0  0  0  0  0  12118  0  17852  18333  18225  18054  17668  17609  17867  17632  17847  0  0  0  0  0  0  0  0  21463  21434  21001  0  21449  0  25550  
在处理之后得到的path路径的各个节点的体积gain,是公式处理后的一共有63个节点：
0  0  0  0  0  0  0  131608  0  0  0  0  8213  0  0  0  9489  0  0  0  52013  54444  0  0  23181  0  0  0  0  0  12904  0  0  0  0  0  0  12118  0  17852  18333  18225  18054  17668  17609  17867  17632  17847  0  0  0  0  0  0  0  0  21463  21434  21001  0  21449  0  25550  
在处理之前leaf_vertices_的各个节点的体积gain：一共有11个节点
233309  266819  320793  245165  271064  284452  261604  248465  189704  247729  276079  
在处理之后得到的path路径的各个节点的体积gain,是公式计算前的一共有11个节点：
0  0  0  0  0  0  0  0  189704  395722  0  
在处理之后得到的path路径的各个节点的体积gain,是公式处理后的一共有11个节点：
0  0  0  0  0  0  0  0  189704  395722  0  
在处理之前leaf_vertices_的各个节点的体积gain：一共有17个节点
61394  40864  73560  50508  42930  49037  65532  69382  31486  58257  63304  51786  61796  60076  50428  41791  14262  
在处理之后得到的path路径的各个节点的体积gain,是公式计算前的一共有17个节点：
0  0  0  0  42930  0  0  0  0  0  0  0  0  60076  0  0  0  
在处理之后得到的path路径的各个节点的体积gain,是公式处理后的一共有17个节点：
0  0  0  0  42930  0  0  0  0  0  0  0  0  60076  0  0  0  
在处理之前leaf_vertices_的各个节点的体积gain：一共有12个节点
4170  4294  3952  3948  4110  3696  3862  4392  3914  3751  4075  4964  
在处理之后得到的path路径的各个节点的体积gain,是公式计算前的一共有12个节点：
0  4294  0  0  0  0  0  0  0  0  4075  4964  
在处理之后得到的path路径的各个节点的体积gain,是公式处理后的一共有12个节点：
0  4294  0  0  0  0  0  0  0  0  4075  4964  
在处理之前leaf_vertices_的各个节点的体积gain：一共有72个节点
17016  11812  4377  28084  5262  9174  17287  23879  9333  5445  3536  3581  4014  3606  3641  28815  15047  19342  17000  119565  94709  33590  193225  288923  62051  18998  5243  8821  10449  8759  8758  3813  3838  179824  210520  256215  234881  267033  265428  262813  276829  30453  192416  40192  43314  7841  8302  65718  46684  39663  96982  3384  3427  3103  3225  300522  273163  259285  280162  280591  288434  54719  44248  249841  256313  185420  3284  107139  107476  237513  217609  4093  
在处理之后得到的path路径的各个节点的体积gain,是公式计算前的一共有72个节点：
17016  0  0  5262  9174  17287  0  0  0  0  0  0  0  0  0  0  0  0  0  0  0  273121  0  0  0  0  0  0  0  0  0  0  0  0  0  0  0  0  0  0  0  0  0  0  0  0  0  0  136601  0  0  0  0  0  505340  0  0  0  0  0  0  160755  0  0  0  0  0  0  957138  654836  0  
在处理之后得到的path路径的各个节点的体积gain,是公式处理后的一共有72个节点：
17016  0  2.122e-314  0  5262  9174  17287  0  0  0  0  0  0  0  0  0  0  0  0  0  0  0  273121  0  0  0  0  0  0  0  0  0  0  0  0  0  0  0  0  0  0  0  0  0  0  0  0  0  0  136601  0  0  0  0  0  505340  0  0  0  0  0  0  160755  0  0  0  0  0  0  957138  654836  0  
在处理之前leaf_vertices_的各个节点的体积gain：一共有55个节点
4332  4212  4296  4249  4140  4286  4185  4353  4422  3612  4000  3774  4103  4419  4008  4286  3901  4475  4285  3921  13122  4617  8653  4030  103409  24850  8552  3493  10012  3356  8918  53143  31606  15709  9133  86464  84454  4646  53761  99166  102458  190433  154237  104108  220596  255514  137502  72017  111417  189803  111354  65566  73428  4600  14350  
在处理之后得到的path路径的各个节点的体积gain,是公式计算前的一共有55个节点：
0  0  0  0  0  4286  0  4353  0  0  0  0  0  0  0  0  0  0  0  0  0  8998  0  0  0  49585  0  0  0  0  0  0  0  0  0  0  0  0  0  0  0  0  0  0  0  0  0  0  0  0  0  0  0  0  0  
在处理之后得到的path路径的各个节点的体积gain,是公式处理后的一共有55个节点：
0  0  0  0  0  4286  0  4353  0  0  0  0  0  0  0  0  0  0  0  0  0  8998  0  0  0  49585  0  0  0  0  0  0  0  0  0  0  0  0  0  0  0  0  0  0  0  0  0  0  0  0  0  0  0  0  0  
在处理之前leaf_vertices_的各个节点的体积gain：一共有59个节点
14030  8494  3029  3024  19995  15293  58911  50719  4287  4274  4325  30378  16836  3851  26430  33023  21739  3960  3843  15857  3244  3513  36839  27929  3156  3088  4277  4246  4121  3223  3784  3049  3847  3224  4109  3861  4041  4289  141084  26711  3763  50033  3895  3812  4053  4149  3817  3962  3822  3983  4103  3901  4054  4119  4038  4182  3932  4217  4055  
在处理之后得到的path路径的各个节点的体积gain,是公式计算前的一共有59个节点：
0  0  0  0  0  0  0  24852  0  0  0  24429  0  0  0  0  24421  0  0  0  0  0  0  0  0  0  0  0  0  0  0  0  12078  0  0  0  0  0  0  0  0  0  0  0  0  52732  0  52763  0  0  57000  57065  0  0  0  0  0  
在处理之后得到的path路径的各个节点的体积gain,是公式处理后的一共有59个节点：
1.05403e-19  0  8.48798e-314  0  0  0  0  0  0  24852  0  0  0  24429  0  0  0  0  24421  0  0  0  0  0  0  0  0  0  0  0  0  0  0  0  12078  0  0  0  0  0  0  0  0  0  0  0  0  52732  0  52763  0  0  57000  57065  0  0  0  0  0  
在处理之前leaf_vertices_的各个节点的体积gain：一共有29个节点
3780  3702  3741  3787  3775  3867  3576  3933  3922  3765  3948  3774  3867  3829  3737  3643  3753  3880  3435  3592  3973  3870  3810  3639  3871  3668  3683  4617  4399  
在处理之后得到的path路径的各个节点的体积gain,是公式计算前的一共有29个节点：
0  0  0  0  0  0  0  0  0  0  0  0  0  0  0  0  0  0  0  0  0  7820  0  0  0  0  0  0  12348  
在处理之后得到的path路径的各个节点的体积gain,是公式处理后的一共有29个节点：
0  0  0  0  0  0  0  0  0  0  0  0  0  0  0  0  0  0  0  0  0  7820  0  0  0  0  0  0  12348  
在处理之前leaf_vertices_的各个节点的体积gain：一共有25个节点
4042  4550  4448  4077  4184  4202  4283  4444  4089  4511  4163  4210  4044  4044  4234  4061  3972  3972  3949  3885  4025  4025  4054  3814  3768  
在处理之后得到的path路径的各个节点的体积gain,是公式计算前的一共有25个节点：
0  0  0  0  0  0  0  0  0  0  0  0  0  0  4234  4061  0  0  0  0  0  0  0  11781  0  
在处理之后得到的path路径的各个节点的体积gain,是公式处理后的一共有25个节点：
0  0  0  0  0  0  0  0  0  0  0  0  0  0  4234  4061  0  0  0  0  0  0  0  11781  0  
在处理之前leaf_vertices_的各个节点的体积gain：一共有17个节点
4076  3892  3827  3992  4220  4078  3895  3906  3802  3873  公式3892  3863  4096  3869  4073  4150  4160  
在处理之后得到的path路径的各个节点的体积gain,是公式计算前的一共有17个节点：
0  0  3827  0  0  0  0  0  0  0  0  0  0  0  0  0  0  
在处理之后得到的path路径的各个节点的体积gain,是公式处理后的一共有17个节点：
0  0  3827  0  0  0  0  0  0  0  0  0  0  0  0  0  0  
在处理之前leaf_vertices_的各个节点的体积gain：一共有27个节点
3588  3641  4040  3954  3972  3739  3454  3417  3973  3364  3420  3708  3498  4084  3298  3938  3822  3162  3229  3797  3820  4292  4244  4587  4340  4129  4242  
在处理之后得到的path路径的各个节点的体积gain,是公式计算前的一共有27个节点：
0  0  0  3954  0  0  0  0  3973  0  0  0  0  0  7541  0  0  0  0  0  0  11566  11518  11861  11614  0  15889  
在处理之后得到的path路径的各个节点的体积gain,是公式处理后的一共有27个节点：
0  0  0  3954  0  0  0  0  3973  0  0  0  0  0  7541  0  0  0  0  0  0  11566  11518  11861  11614  0  15889  
